лес
175 175 177 177 175 175 175 175 174 174 174 0 178 0 0 0 0 0 0 0 175
175 175 177 177 175 175 175 175 174 174 174 0 178 0 0 0 0 0 0 0 177
177 177 0 0 177 175 0 0 175 175 174 0 178 0 0 0 0 0 0 0 177
177 177 177 177 177 177 175 175 175 177 175 174 0 0 178 0 178 0 178 0 170
170 170 170 170 170 170 170 170 170 170 169 177 175 0 174 0 174 178 174 177 170

170 170 170 170 170 170 170 170 170 170 170 170 177 175 175 174 174 174 174 174
170
170 170 170 170 170 170 170 170 170 170 170 170 177 177 175 175 175 174 174 174
170
170 170 170 170 170 170 170 170 170 170 170 170 0 177 177 177 177 175 175 175 17
0
170 170 170 170 170 170 170 170 170 170 170 170 0 0 0 177 177 177 177 177 170
170 170 170 170 170 170 170 170 170 170 170 170 6 6 0 0 177 177 177 177 0
0 0 0 0 0 0 0 0 0 0 0 0 6 6 6 6 0 0 177 177 0
0 0 0 0 0 0 0 0 0 0 0 0 6 6 6 0 0 177 177 177 0
0 0 0 0 0 0 6 6 0 0 0 0 0 0 0 177 177 177 177 177 0
0 0 0 0 0 0 0 0 0 0 0 0 0 177 177 177 177 177 175 175 177
177 177 177 177 177 177 177 177 177 177 177 177 177 177 177 175 175 175 174 174
177
177 177 177 177 177 177 177 177 177 177 177 177 177 177 177 175 175 175 174 174
177
177 177 177 177 177 177 177 177 177 177 177 177 0 177 177 177 175 175 174 174 17
7
177 177 177 177 177 177 177 177 177 177 177 177 0 0 177 177 177 175 174 174 177

177 177 177 177 177 177 177 177 177 177 177 177 0 0 177 177 177 177 175 175 177

177 177 177 177 177 177 177 177 177 177 177 177 0 0 177 177 177 177 175 175 13
------------------------------
20 20 16 16 19 18 18 18 21 21 21 19 22 22 23 24 23 24 24 24 20
20 20 17 16 18 18 18 17 21 21 21 19 22 22 23 23 23 24 24 24 16
16 17 20 19 16 19 18 21 17 17 21 20 22 22 23 24 24 24 24 24 16
16 17 17 16 16 16 19 19 17 14 17 21 20 23 24 24 24 24 24 24 15
15 16 16 15 15 15 15 14 14 13 16 14 17 20 22 21 23 23 27 27 10
10 11 15 14 10 10 15 14 9 9 13 13 14 17 18 22 23 23 23 24 10
10 10 10 9 10 10 10 10 9 9 9 13 13 15 18 19 19 23 23 23 10
10 10 10 9 9 10 10 10 9 9 9 9 9 13 15 16 16 19 19 19 14
14 14 10 9 14 15 10 10 9 9 9 9 9 9 9 14 15 16 16 17 14
14 14 9 9 14 15 10 10 10 9 9 9 7 8 9 10 14 14 15 16 10
10 10 9 9 9 10 10 10 10 9 9 9 7 8 8 8 9 9 13 14 10
10 10 9 9 9 10 10 10 10 10 9 9 7 8 8 9 9 13 12 13 10
10 10 9 9 9 9 8 8 10 9 9 9 9 9 10 15 14 14 13 14 10
10 10 9 9 9 9 10 10 10 9 9 9 9 14 15 17 16 15 17 17 14
14 14 13 13 13 14 14 15 14 14 14 13 13 14 17 21 20 19 22 22 14
14 14 13 13 14 14 14 14 14 13 13 13 12 13 16 20 20 20 22 22 14
14 14 13 13 14 14 14 14 14 13 13 12 8 13 13 16 19 19 22 22 14
14 14 13 13 14 14 14 14 14 13 13 13 8 9 13 14 15 19 22 22 14
14 14 13 13 14 14 14 14 14 14 14 13 9 9 13 14 15 15 17 18 14
14 14 13 14 14 14 14 14 13 14 14 14 9 9 13 14 15 15 17 18 13
------------------------------
155 153 155 158 164 167 170 174 183 184 184 185 186 184 177 173 174 173 171 173
155
155 151 154 157 166 170 172 177 184 185 184 184 186 184 178 174 175 173 172 172
156
156 153 155 158 162 165 167 174 180 182 183 183 185 183 177 172 172 171 170 171
158
158 153 154 156 156 157 159 165 175 179 180 183 182 180 173 168 168 168 167 169
152
152 144 147 155 158 153 154 162 170 172 175 179 181 178 175 174 176 179 182 179
152
152 145 151 159 159 152 153 162 169 171 174 177 180 176 172 171 170 175 176 173
156
156 152 155 163 161 152 150 159 169 172 172 175 180 175 170 165 162 168 169 166
160
160 155 159 165 162 152 149 157 167 171 170 171 177 173 167 161 157 161 161 157
164
164 161 161 166 164 153 146 154 164 168 169 170 174 169 163 159 157 160 160 154
164
164 162 163 166 166 155 147 153 161 165 167 170 171 167 163 158 162 166 166 159
160
160 161 165 170 166 157 150 153 159 162 166 171 171 166 162 161 166 174 176 168
158
158 160 167 172 171 161 152 155 158 161 166 173 171 166 162 163 170 183 184 176
151
151 153 163 165 168 164 157 151 155 163 168 179 176 167 156 154 167 180 192 184
155
155 157 166 167 170 163 158 153 157 163 165 173 171 163 152 148 158 169 185 180
163
163 165 173 172 172 164 159 157 164 169 168 172 174 164 153 146 152 159 177 176
167
167 170 176 175 170 163 160 160 168 174 173 179 184 174 163 154 154 155 173 174
168
168 170 178 176 169 163 161 162 169 175 176 185 188 182 173 164 162 159 173 173
166
166 168 177 175 167 162 163 163 169 172 173 181 183 179 177 168 166 164 176 173
163
163 167 175 172 166 163 164 166 170 169 166 172 175 175 177 169 170 168 177 171
161
161 166 174 170 166 163 164 168 171 169 161 165 171 173 175 170 172 172 180 172
13