не определяющийся лёд
120 120 120 120 0 0 0 0 0 0 0 0 120 120 120 120
120 120 120 120 0 0 0 0 0 0 0 0 120 120 120 120
140 140 140 140 165 165 165 165 165 165 165 165 140 140 140 140
140 140 140 140 165 165 165 165 165 165 165 165 140 140 140 140
0 0 0 0 0 0 0 0 0 0 0 0 0 0 0 0
0 0 0 0 0 0 0 0 0 0 0 0 0 0 0 0
0 0 0 0 0 0 0 0 0 0 0 0 0 0 0 0
0 0 0 0 0 0 0 0 0 0 0 0 0 0 0 0
0 0 0 0 0 0 0 0 0 0 0 0 0 0 0 0
0 0 0 0 0 0 0 0 0 0 0 0 0 0 0 0
0 0 0 0 0 0 0 0 0 0 0 0 0 0 0 0
0 0 0 0 0 0 0 0 0 0 0 0 0 0 0 0
0 0 0 0 0 0 0 0 0 0 0 0 0 0 0 0
0 0 0 0 0 0 0 0 0 0 0 0 0 0 0 0
0 0 0 0 0 0 0 0 0 0 0 0 0 0 0 0
------------------------------
3 3 3 3 0 0 0 0 0 0 0 0 3 3 3 3
3 3 3 3 0 0 0 0 0 0 0 0 3 3 3 3
4 4 4 4 3 3 3 3 3 3 3 3 5 4 4 4
4 4 4 4 3 3 3 3 3 3 3 3 4 4 4 5
0 0 0 0 0 0 0 0 0 0 0 0 0 0 0 0
0 0 0 0 0 0 0 0 0 0 0 0 0 0 0 0
0 0 0 0 0 0 0 0 0 0 0 0 0 0 0 0
0 0 0 0 0 0 0 0 0 0 0 0 0 0 0 0
0 0 0 0 0 0 0 0 0 0 0 0 0 0 0 0
0 0 0 0 0 0 0 0 0 0 0 0 0 0 0 0
0 0 0 0 0 0 0 0 0 0 0 0 0 0 0 0
0 0 0 0 0 0 0 0 0 0 0 0 0 0 0 0
0 0 0 0 0 0 0 0 0 0 0 0 0 0 0 0
0 0 0 0 0 0 0 0 0 0 0 0 0 0 0 0
0 0 0 0 0 0 0 0 0 0 0 0 0 0 0 0
------------------------------
175 180 178 175 176 176 175 179 180 179 179 179 182 184 186 188
179 184 184 181 176 172 171 172 170 167 163 164 171 177 182 184
177 179 182 179 172 170 171 169 169 165 162 163 169 174 176 176
176 175 177 175 167 170 174 172 176 173 171 172 175 175 172 168
169 170 172 172 171 169 170 171 169 170 171 171 170 167 166 165
167 169 170 170 168 167 166 167 168 169 171 170 169 168 167 167
166 167 167 166 165 164 166 166 169 170 171 172 170 169 169 169
169 168 166 163 161 162 165 168 168 169 170 170 169 168 167 167
174 173 171 168 166 165 167 169 169 171 172 173 172 172 170 170
176 177 179 179 178 177 176 176 179 181 183 184 185 184 184 184
171 173 176 177 178 177 178 179 180 181 182 182 183 183 185 186
164 165 165 165 164 164 165 167 166 165 166 164 164 165 167 169
154 155 154 150 151 155 158 158 159 158 158 156 157 158 160 161
160 163 161 157 156 159 161 161 163 161 159 159 160 160 160 159
166 169 170 165 162 163 165 165 166 164 161 161 161 161 159 157