определяющийся белый лёд
0 0 0 0 0 0 0 0 0 0 0 0 0 0 0 0
0 0 0 0 0 0 0 0 0 0 0 0 0 0 0 0
0 0 0 0 0 0 0 0 0 0 0 0 0 0 0 0
0 0 0 0 0 0 0 0 0 0 0 0 0 0 0 0
0 0 0 0 0 0 0 0 0 0 0 0 0 0 0 0
0 0 0 0 0 0 0 0 0 0 0 0 0 0 0 0
0 0 0 0 0 0 0 0 0 0 0 0 0 0 0 0
0 0 0 0 0 0 0 0 0 0 0 0 0 0 0 0
0 0 0 0 0 0 0 0 0 0 0 0 0 0 0 0
0 0 0 0 0 0 0 0 0 0 0 0 0 0 0 0
0 0 0 0 0 0 0 0 0 0 0 0 0 0 0 0
0 0 0 0 0 0 0 0 0 0 0 0 0 0 0 0
0 0 0 0 0 0 0 0 0 0 0 0 0 0 0 0
0 0 0 0 0 0 0 0 0 0 0 0 0 0 0 0
0 0 0 0 0 0 0 0 0 0 0 0 0 0 0 0
------------------------------
0 0 0 0 0 0 0 0 0 0 0 0 0 0 0 0
0 0 0 0 0 0 0 0 0 0 0 0 0 0 0 0
0 0 0 0 0 0 0 0 0 0 0 0 0 0 0 0
0 0 0 0 0 0 0 0 0 0 0 0 0 0 0 0
0 0 0 0 0 0 0 0 0 0 0 0 0 0 0 0
0 0 0 0 0 0 0 0 0 0 0 0 0 0 0 0
0 0 0 0 0 0 0 0 0 0 0 0 0 0 0 0
0 0 0 0 0 0 0 0 0 0 0 0 0 0 0 0
0 0 0 0 0 0 0 0 0 0 0 0 0 0 0 0
0 0 0 0 0 0 0 0 0 0 0 0 0 0 0 0
0 0 0 0 0 0 0 0 0 0 0 0 0 0 0 0
0 0 0 0 0 0 0 0 0 0 0 0 0 0 0 0
0 0 0 0 0 0 0 0 0 0 0 0 0 0 0 0
0 0 0 0 0 0 0 0 0 0 0 0 0 0 0 0
0 0 0 0 0 0 0 0 0 0 0 0 0 0 0 0
------------------------------
253 254 252 253 253 253 253 247 250 254 255 255 253 251 251 254
253 253 253 253 253 253 253 255 255 254 253 253 253 255 255 253
253 253 253 253 253 253 253 253 252 251 250 250 250 250 249 254
253 253 253 253 253 253 253 253 253 253 255 255 255 250 245 255
253 253 253 253 254 253 253 255 255 250 251 254 255 255 255 255
253 253 253 252 253 253 253 243 234 223 222 229 241 251 255 253
253 253 253 253 253 253 253 238 228 218 216 223 233 239 242 248
253 253 253 254 253 253 253 254 251 246 246 249 247 240 233 245
253 253 253 253 253 253 253 253 253 253 253 253 253 253 253 255
253 253 253 253 253 253 253 253 253 253 253 253 253 253 253 255
253 253 253 253 253 253 253 253 253 253 253 253 253 253 253 255
253 253 253 253 253 253 253 253 253 253 253 253 253 253 253 255
253 253 253 253 253 253 253 253 253 253 253 253 253 253 253 255
253 253 253 253 253 253 253 253 253 253 253 253 253 253 253 255
253 253 253 253 253 253 253 253 253 253 253 253 253 253 253 255