определяющийся колотый лёд
0 0 0 0 0 0 0 0 0 0 0 0 0 0 0 0
0 0 0 0 0 0 0 0 0 0 0 0 0 0 0 0
0 0 0 0 0 0 0 0 0 0 0 0 0 0 0 0
0 0 0 0 0 0 0 0 0 0 0 0 0 0 0 0
0 0 0 0 0 0 0 0 0 0 0 0 0 0 0 0
0 0 0 0 0 0 0 0 0 0 0 0 0 0 0 0
0 0 0 0 0 0 0 0 0 0 0 0 0 0 0 0
0 0 0 0 0 0 0 0 0 0 0 0 0 0 0 0
0 0 0 0 0 0 0 0 0 0 0 0 0 0 0 0
0 0 0 0 0 0 0 0 0 0 0 0 0 0 0 0
0 0 0 0 0 0 0 0 0 0 0 0 0 0 0 0
0 0 0 0 0 0 0 0 0 0 0 0 0 0 0 0
0 0 0 0 0 0 0 0 0 0 0 0 0 0 0 0
0 0 0 0 0 0 0 0 0 0 0 0 0 0 0 0
0 0 0 0 0 0 0 0 0 0 0 0 0 0 0 0
------------------------------
0 0 0 0 0 0 0 0 0 0 0 0 0 0 0 0
0 0 0 0 0 0 0 0 0 0 0 0 0 0 0 0
0 0 0 0 0 0 0 0 0 0 0 0 0 0 0 0
0 0 0 0 0 0 0 0 0 0 0 0 0 0 0 0
0 0 0 0 0 0 0 0 0 0 0 0 0 0 0 0
0 0 0 0 0 0 0 0 0 0 0 0 0 0 0 0
0 0 0 0 0 0 0 0 0 0 0 0 0 0 0 0
0 0 0 0 0 0 0 0 0 0 0 0 0 0 0 0
0 0 0 0 0 0 0 0 0 0 0 0 0 0 0 0
0 0 0 0 0 0 0 0 0 0 0 0 0 0 0 0
0 0 0 0 0 0 0 0 0 0 0 0 0 0 0 0
0 0 0 0 0 0 0 0 0 0 0 0 0 0 0 0
0 0 0 0 0 0 0 0 0 0 0 0 0 0 0 0
0 0 0 0 0 0 0 0 0 0 0 0 0 0 0 0
0 0 0 0 0 0 0 0 0 0 0 0 0 0 0 0
------------------------------
208 209 212 214 215 213 214 215 211 211 213 217 220 218 215 214
189 189 191 194 194 192 191 191 189 185 183 185 190 196 202 206
188 187 188 190 190 188 186 185 183 180 178 178 180 183 188 192
184 182 183 185 187 187 186 186 184 184 185 186 186 185 184 184
162 159 159 159 161 161 161 161 164 166 169 173 176 177 177 176
163 159 156 153 150 147 145 144 148 151 155 160 164 165 162 158
188 186 183 180 175 170 168 167 168 170 173 175 176 173 166 158
203 203 204 204 202 199 199 199 201 199 198 196 195 193 186 178
194 199 204 206 203 199 199 201 206 207 207 209 212 211 201 191
203 205 209 211 208 203 201 202 204 203 201 199 202 208 211 210
204 206 209 212 212 210 209 209 210 209 206 203 204 207 208 206
193 194 198 201 204 205 207 210 211 210 207 206 206 205 196 187
180 180 181 184 186 188 193 198 198 197 195 195 197 199 194 187
175 173 173 174 177 181 185 189 189 191 192 191 193 196 197 196
184 179 176 178 184 187 189 190 191 193 195 193 194 196 197 195